Ceci est la matrice de l'entrepot!
| 0 0 10 |
| 1 10 10 |
| 2 0 8 |
| 3 10 8 |
| 4 15 8 |
| 5 0 6 |
| 6 10 6 |
| 7 0 0 |
| 8 10 0 |
| 9 15 0 |
Ceci est la matrice des arretes!
| 0 0 1 |
| 1 0 2 |
| 2 1 3 |
| 3 2 3 |
| 4 2 5 |
| 5 3 6 |
| 6 3 4 |
| 12 8 9 |
| 10 6 8 |
| 11 7 8 |
| 7 4 9 |
| 8 5 7 |
| 9 5 6 |
Ceci est la matrice des points d'arrets!
| 0 0 3 10 |
| 1 9 8 4 |
| 2 7 15 4 |
| 3 11 3 0 |
| 4 0 7 10 |
| 5 15 11 6 |
Les sommets de l'entropot sont:
[ 0, 1, 2, 3, 4, 5, 6, 7, 8, 9 ]
Les arretes sont:
[ 0, 1, 2, 3, 4, 5, 6, 12, 10, 11, 7, 8, 9 ]
Les Points d'arrets sont:
[ 0, 1, 2, 3, 4, 5 ]
Le contenu de la matrice de distance:
| 0 10 2 10 15 4 10 10 14 18 3 100 100 100 7 100 |
| 10 0 10 2 5 10 4 14 10 11 7 100 100 100 3 100 |
| 2 10 0 10 15 2 10 8 12 17 100 100 100 100 100 100 |
| 10 2 10 0 5 10 2 12 8 9 100 100 100 100 100 100 |
| 15 5 15 5 0 15 5 17 9 8 100 100 100 100 100 100 |
| 4 10 2 10 15 0 10 6 11 16 100 8 100 100 100 100 |
| 10 4 10 2 5 10 0 11 6 7 100 2 100 100 100 100 |
| 10 14 8 12 17 6 11 0 10 15 100 100 100 3 100 100 |
| 14 10 12 8 9 11 6 10 0 5 100 100 100 7 100 100 |
| 18 11 17 9 8 16 7 15 5 0 100 100 100 100 100 100 |
| 3 7 100 100 100 100 100 100 100 100 0 100 100 100 100 100 |
| 100 100 100 100 100 8 2 100 100 100 100 0 100 100 100 100 |
| 100 100 100 100 100 100 100 100 100 100 100 100 0 100 100 100 |
| 100 100 100 100 100 100 100 3 7 100 100 100 100 0 100 100 |
| 7 3 100 100 100 100 100 100 100 100 100 100 100 100 0 100 |
| 100 100 100 100 100 100 100 100 100 100 100 100 100 100 100 0 |
Le contenu de la matrice de distance après utilisation de floyd:
| 0 10 2 10 15 4 10 10 14 17 3 12 100 13 7 100 |
| 10 0 10 2 5 10 4 14 10 11 7 6 100 17 3 100 |
| 2 10 0 10 15 2 10 8 12 17 5 10 100 11 9 100 |
| 10 2 10 0 5 10 2 12 8 9 9 4 100 15 5 100 |
| 15 5 15 5 0 15 5 16 9 8 12 7 100 16 8 100 |
| 4 10 2 10 15 0 10 6 11 16 7 8 100 9 11 100 |
| 10 4 10 2 5 10 0 11 6 7 11 2 100 13 7 100 |
| 10 14 8 12 16 6 11 0 10 15 13 13 100 3 17 100 |
| 14 10 12 8 9 11 6 10 0 5 17 8 100 7 13 100 |
| 17 11 17 9 8 16 7 15 5 0 18 9 100 12 14 100 |
| 3 7 5 9 12 7 11 13 17 18 0 13 100 16 10 100 |
| 12 6 10 4 7 8 2 13 8 9 13 0 100 15 9 100 |
| 100 100 100 100 100 100 100 100 100 100 100 100 0 100 100 100 |
| 13 17 11 15 16 9 13 3 7 12 16 15 100 0 20 100 |
| 7 3 9 5 8 11 7 17 13 14 10 9 100 20 0 100 |
| 100 100 100 100 100 100 100 100 100 100 100 100 100 100 100 0 |
Le contenu de la matrice de distance entre les points d'arrets:
| 0 13 100 16 10 100 |
| 13 0 100 15 9 100 |
| 100 100 0 100 100 100 |
| 16 15 100 0 20 100 |
| 10 9 100 20 0 100 |
| 100 100 100 100 100 0 |
La meilleur séquence est:
[ 3, 1, 4, 0, 2, 5 ]
La distance total minimal est de: 234.000000
